5.570197030000e+01 1.256837600000e+01 0.000000000000e+00
5.570196170000e+01 1.256836050000e+01 1.000000000000e+00
5.570194920000e+01 1.256830750000e+01 3.000000000000e+00
5.570197890000e+01 1.256819840000e+01 7.000000000000e+00
5.570205100000e+01 1.256802490000e+01 1.000000000000e+01
5.570215710000e+01 1.256775630000e+01 1.400000000000e+01
5.570225650000e+01 1.256751930000e+01 1.800000000000e+01
5.570235180000e+01 1.256721770000e+01 2.300000000000e+01
5.570237160000e+01 1.256707740000e+01 2.500000000000e+01
5.570229990000e+01 1.256682240000e+01 3.000000000000e+01
5.570213980000e+01 1.256665620000e+01 3.400000000000e+01
5.570200280000e+01 1.256646310000e+01 3.800000000000e+01
5.570188290000e+01 1.256634870000e+01 4.100000000000e+01
5.570172150000e+01 1.256620940000e+01 4.500000000000e+01
5.570153920000e+01 1.256613060000e+01 5.000000000000e+01
5.570136970000e+01 1.256610890000e+01 5.400000000000e+01
5.570123130000e+01 1.256611590000e+01 5.700000000000e+01
5.570107540000e+01 1.256617040000e+01 6.200000000000e+01
5.570109300000e+01 1.256628340000e+01 6.400000000000e+01
5.570109390000e+01 1.256656040000e+01 6.800000000000e+01
5.570109440000e+01 1.256684310000e+01 7.200000000000e+01
5.570109620000e+01 1.256691670000e+01 7.300000000000e+01
5.570104900000e+01 1.256719300000e+01 7.700000000000e+01
5.570096720000e+01 1.256739700000e+01 8.100000000000e+01
5.570082260000e+01 1.256764470000e+01 8.600000000000e+01
5.570075940000e+01 1.256774360000e+01 8.800000000000e+01
5.570064500000e+01 1.256799480000e+01 9.300000000000e+01
5.570053930000e+01 1.256824490000e+01 9.800000000000e+01
5.570047390000e+01 1.256834240000e+01 1.000000000000e+02
5.570028610000e+01 1.256831990000e+01 1.050000000000e+02
5.570019070000e+01 1.256805710000e+01 1.100000000000e+02
5.570021860000e+01 1.256777050000e+01 1.140000000000e+02
5.570028430000e+01 1.256752150000e+01 1.180000000000e+02
5.570029330000e+01 1.256722040000e+01 1.220000000000e+02
5.570028390000e+01 1.256684810000e+01 1.280000000000e+02
5.570027060000e+01 1.256648740000e+01 1.330000000000e+02
5.570023360000e+01 1.256634550000e+01 1.350000000000e+02
5.570022080000e+01 1.256610040000e+01 1.390000000000e+02
5.570017420000e+01 1.256595310000e+01 1.410000000000e+02
5.570015080000e+01 1.256567350000e+01 1.460000000000e+02
5.570011380000e+01 1.256550360000e+01 1.500000000000e+02
5.570003800000e+01 1.256547720000e+01 1.530000000000e+02
5.569985480000e+01 1.256555490000e+01 1.590000000000e+02
5.569978540000e+01 1.256557880000e+01 1.610000000000e+02
5.569963980000e+01 1.256572140000e+01 1.650000000000e+02
5.569947460000e+01 1.256585450000e+01 1.690000000000e+02
5.569939930000e+01 1.256592160000e+01 1.710000000000e+02
5.569926400000e+01 1.256609010000e+01 1.750000000000e+02
5.569919390000e+01 1.256618170000e+01 1.770000000000e+02
5.569906410000e+01 1.256631330000e+01 1.810000000000e+02
5.569888970000e+01 1.256618650000e+01 1.850000000000e+02
5.569886490000e+01 1.256596660000e+01 1.880000000000e+02
5.569892790000e+01 1.256583900000e+01 1.900000000000e+02
5.569910190000e+01 1.256557930000e+01 1.950000000000e+02
5.569916250000e+01 1.256548000000e+01 1.970000000000e+02
5.569931770000e+01 1.256521030000e+01 2.030000000000e+02
5.569946030000e+01 1.256497380000e+01 2.080000000000e+02
5.569956320000e+01 1.256479200000e+01 2.120000000000e+02
5.569967270000e+01 1.256467470000e+01 2.160000000000e+02
5.569984210000e+01 1.256477270000e+01 2.210000000000e+02
5.569996770000e+01 1.256491890000e+01 2.250000000000e+02
5.570010000000e+01 1.256502710000e+01 2.290000000000e+02
5.570024870000e+01 1.256507420000e+01 2.330000000000e+02
5.570038800000e+01 1.256508620000e+01 2.370000000000e+02
5.570057980000e+01 1.256505730000e+01 2.420000000000e+02
5.570080090000e+01 1.256490540000e+01 2.480000000000e+02
5.570091120000e+01 1.256485210000e+01 2.510000000000e+02
5.570107390000e+01 1.256467350000e+01 2.560000000000e+02
5.570126870000e+01 1.256448170000e+01 2.630000000000e+02
5.570141560000e+01 1.256432120000e+01 2.680000000000e+02
5.570154790000e+01 1.256417660000e+01 2.720000000000e+02
5.570170280000e+01 1.256403250000e+01 2.770000000000e+02
5.570184420000e+01 1.256383470000e+01 2.820000000000e+02
5.570197620000e+01 1.256369540000e+01 2.860000000000e+02
5.570214080000e+01 1.256358580000e+01 2.910000000000e+02
5.570234830000e+01 1.256350050000e+01 2.960000000000e+02
5.570238500000e+01 1.256347290000e+01 2.970000000000e+02
5.570260370000e+01 1.256335960000e+01 3.030000000000e+02
5.570274240000e+01 1.256336080000e+01 3.070000000000e+02
5.570296770000e+01 1.256344910000e+01 3.120000000000e+02
5.570309930000e+01 1.256354090000e+01 3.160000000000e+02
5.570330700000e+01 1.256368710000e+01 3.220000000000e+02
5.570337690000e+01 1.256374610000e+01 3.240000000000e+02
5.570353940000e+01 1.256401030000e+01 3.300000000000e+02
5.570365970000e+01 1.256421430000e+01 3.340000000000e+02
5.570374140000e+01 1.256436440000e+01 3.370000000000e+02
5.570386090000e+01 1.256453070000e+01 3.410000000000e+02
5.570397170000e+01 1.256468120000e+01 3.450000000000e+02
5.570413610000e+01 1.256501740000e+01 3.510000000000e+02
5.570428230000e+01 1.256528870000e+01 3.570000000000e+02
5.570435390000e+01 1.256551100000e+01 3.610000000000e+02
5.570433260000e+01 1.256576590000e+01 3.650000000000e+02
5.570427200000e+01 1.256605750000e+01 3.700000000000e+02
5.570421110000e+01 1.256635110000e+01 3.740000000000e+02
5.570414940000e+01 1.256647650000e+01 3.770000000000e+02
5.570400380000e+01 1.256656680000e+01 3.820000000000e+02
5.570392760000e+01 1.256669190000e+01 3.860000000000e+02
5.570382700000e+01 1.256696740000e+01 3.910000000000e+02
5.570372480000e+01 1.256711410000e+01 3.950000000000e+02
5.570357020000e+01 1.256717120000e+01 3.990000000000e+02
5.570341460000e+01 1.256703200000e+01 4.040000000000e+02
5.570324210000e+01 1.256698660000e+01 4.090000000000e+02
5.570303250000e+01 1.256701280000e+01 4.140000000000e+02
5.570299240000e+01 1.256701200000e+01 4.150000000000e+02
5.570285900000e+01 1.256704560000e+01 4.180000000000e+02
5.570271440000e+01 1.256710790000e+01 4.230000000000e+02
5.570270150000e+01 1.256737620000e+01 4.280000000000e+02
5.570275640000e+01 1.256749600000e+01 4.300000000000e+02
5.570290850000e+01 1.256766100000e+01 4.350000000000e+02
5.570299400000e+01 1.256779750000e+01 4.380000000000e+02
5.570312880000e+01 1.256797470000e+01 4.430000000000e+02
5.570328380000e+01 1.256807320000e+01 4.480000000000e+02
5.570332050000e+01 1.256804520000e+01 4.500000000000e+02
5.570338350000e+01 1.256783120000e+01 4.540000000000e+02
5.570343600000e+01 1.256760630000e+01 4.580000000000e+02
5.570355270000e+01 1.256736350000e+01 4.630000000000e+02
5.570367640000e+01 1.256716380000e+01 4.680000000000e+02
5.570380900000e+01 1.256727150000e+01 4.720000000000e+02
5.570388080000e+01 1.256739510000e+01 4.740000000000e+02
5.570394780000e+01 1.256761780000e+01 4.770000000000e+02
5.570382450000e+01 1.256782650000e+01 4.810000000000e+02
5.570368600000e+01 1.256807200000e+01 4.860000000000e+02
5.570363610000e+01 1.256817730000e+01 4.880000000000e+02
5.570350230000e+01 1.256840830000e+01 4.930000000000e+02
5.570334460000e+01 1.256870070000e+01 4.990000000000e+02
5.570320180000e+01 1.256895060000e+01 5.040000000000e+02
5.570307130000e+01 1.256920910000e+01 5.090000000000e+02
5.570298120000e+01 1.256938310000e+01 5.130000000000e+02
5.570285460000e+01 1.256960000000e+01 5.180000000000e+02
5.570273400000e+01 1.256981250000e+01 5.220000000000e+02
5.570267190000e+01 1.256991450000e+01 5.240000000000e+02
5.570255180000e+01 1.257015970000e+01 5.290000000000e+02
5.570241230000e+01 1.257038740000e+01 5.340000000000e+02
5.570227230000e+01 1.257068640000e+01 5.400000000000e+02
5.570215110000e+01 1.257092720000e+01 5.450000000000e+02
5.570200840000e+01 1.257117580000e+01 5.500000000000e+02
5.570188980000e+01 1.257142730000e+01 5.550000000000e+02
5.570175510000e+01 1.257167010000e+01 5.600000000000e+02
5.570160020000e+01 1.257196160000e+01 5.660000000000e+02
5.570146030000e+01 1.257225480000e+01 5.720000000000e+02
5.570131270000e+01 1.257247080000e+01 5.770000000000e+02
5.570119190000e+01 1.257270250000e+01 5.820000000000e+02
5.570108720000e+01 1.257288070000e+01 5.860000000000e+02
5.570092210000e+01 1.257315630000e+01 5.920000000000e+02
5.570081000000e+01 1.257337680000e+01 5.960000000000e+02
5.570068210000e+01 1.257361730000e+01 6.010000000000e+02
5.570056210000e+01 1.257386650000e+01 6.060000000000e+02
5.570043630000e+01 1.257409320000e+01 6.110000000000e+02
5.570031890000e+01 1.257433730000e+01 6.160000000000e+02
5.570017320000e+01 1.257465100000e+01 6.220000000000e+02
5.570007970000e+01 1.257483410000e+01 6.260000000000e+02
5.569994620000e+01 1.257505470000e+01 6.310000000000e+02
5.569981920000e+01 1.257536500000e+01 6.370000000000e+02
5.569974040000e+01 1.257563700000e+01 6.420000000000e+02
5.569966110000e+01 1.257583440000e+01 6.460000000000e+02
5.569955240000e+01 1.257604160000e+01 6.500000000000e+02
5.569941420000e+01 1.257625960000e+01 6.550000000000e+02
5.569929920000e+01 1.257639380000e+01 6.590000000000e+02
5.569918720000e+01 1.257640900000e+01 6.620000000000e+02
5.569899930000e+01 1.257625090000e+01 6.670000000000e+02
5.569895880000e+01 1.257612400000e+01 6.690000000000e+02
5.569884260000e+01 1.257586910000e+01 6.740000000000e+02
5.569877030000e+01 1.257571990000e+01 6.770000000000e+02
5.569863080000e+01 1.257542750000e+01 6.830000000000e+02
5.569852480000e+01 1.257522810000e+01 6.870000000000e+02
5.569841730000e+01 1.257493730000e+01 6.930000000000e+02
5.569831440000e+01 1.257467450000e+01 6.980000000000e+02
5.569818710000e+01 1.257441770000e+01 7.030000000000e+02
5.569803660000e+01 1.257419440000e+01 7.080000000000e+02
5.569785630000e+01 1.257391510000e+01 7.140000000000e+02
5.569774090000e+01 1.257372390000e+01 7.180000000000e+02
5.569761050000e+01 1.257357690000e+01 7.220000000000e+02
5.569750060000e+01 1.257340700000e+01 7.260000000000e+02
5.569736850000e+01 1.257320810000e+01 7.310000000000e+02
5.569723340000e+01 1.257306560000e+01 7.350000000000e+02
5.569713180000e+01 1.257288880000e+01 7.390000000000e+02
5.569702110000e+01 1.257267090000e+01 7.430000000000e+02
5.569692100000e+01 1.257240670000e+01 7.480000000000e+02
5.569682110000e+01 1.257221560000e+01 7.520000000000e+02
5.569674020000e+01 1.257201910000e+01 7.560000000000e+02
5.569664620000e+01 1.257183950000e+01 7.600000000000e+02
5.569655590000e+01 1.257163900000e+01 7.640000000000e+02
5.569642990000e+01 1.257133200000e+01 7.700000000000e+02
5.569633340000e+01 1.257111180000e+01 7.750000000000e+02
5.569624490000e+01 1.257094890000e+01 7.790000000000e+02
5.569617820000e+01 1.257075200000e+01 7.830000000000e+02
5.569617870000e+01 1.257069040000e+01 7.840000000000e+02
5.569628940000e+01 1.257058430000e+01 7.880000000000e+02
5.569642630000e+01 1.257061530000e+01 7.920000000000e+02
5.569661880000e+01 1.257066930000e+01 7.980000000000e+02
5.569678330000e+01 1.257069820000e+01 8.030000000000e+02
5.569697140000e+01 1.257066920000e+01 8.080000000000e+02
5.569709540000e+01 1.257063010000e+01 8.120000000000e+02
5.569729480000e+01 1.257056110000e+01 8.180000000000e+02
5.569742710000e+01 1.257050910000e+01 8.220000000000e+02
5.569756330000e+01 1.257033740000e+01 8.270000000000e+02
5.569771260000e+01 1.257007560000e+01 8.330000000000e+02
5.569781570000e+01 1.256982550000e+01 8.380000000000e+02
5.569788930000e+01 1.256954930000e+01 8.430000000000e+02
5.569791520000e+01 1.256935630000e+01 8.460000000000e+02
5.569802010000e+01 1.256895470000e+01 8.530000000000e+02
5.569802180000e+01 1.256882670000e+01 8.550000000000e+02
5.569812950000e+01 1.256849190000e+01 8.610000000000e+02
5.569820110000e+01 1.256822430000e+01 8.650000000000e+02
5.569829530000e+01 1.256803410000e+01 8.690000000000e+02
5.569843250000e+01 1.256779900000e+01 8.750000000000e+02
5.569851960000e+01 1.256759690000e+01 8.800000000000e+02
5.569862210000e+01 1.256733430000e+01 8.850000000000e+02
5.569869210000e+01 1.256713650000e+01 8.890000000000e+02
5.569877300000e+01 1.256687450000e+01 8.940000000000e+02
5.569886310000e+01 1.256658930000e+01 9.000000000000e+02
5.569887530000e+01 1.256652770000e+01 9.010000000000e+02
5.569897780000e+01 1.256647460000e+01 9.050000000000e+02
5.569911660000e+01 1.256665660000e+01 9.090000000000e+02
5.569926340000e+01 1.256691690000e+01 9.150000000000e+02
5.569936240000e+01 1.256712380000e+01 9.200000000000e+02
5.569950820000e+01 1.256738920000e+01 9.260000000000e+02
5.569946480000e+01 1.256760990000e+01 9.310000000000e+02
5.569930600000e+01 1.256761470000e+01 9.350000000000e+02
5.569902110000e+01 1.256756530000e+01 9.420000000000e+02
5.569889830000e+01 1.256754830000e+01 9.460000000000e+02
5.569873180000e+01 1.256764040000e+01 9.520000000000e+02
5.569866250000e+01 1.256788240000e+01 9.570000000000e+02
5.569864660000e+01 1.256802030000e+01 9.590000000000e+02
5.569861950000e+01 1.256827280000e+01 9.630000000000e+02
5.569861270000e+01 1.256832220000e+01 9.640000000000e+02
5.569868730000e+01 1.256843200000e+01 9.680000000000e+02
5.569883910000e+01 1.256842010000e+01 9.720000000000e+02
5.569910920000e+01 1.256841350000e+01 9.790000000000e+02
5.569926530000e+01 1.256839100000e+01 9.830000000000e+02
5.569941150000e+01 1.256838900000e+01 9.870000000000e+02
5.569950790000e+01 1.256848420000e+01 9.900000000000e+02
5.569952760000e+01 1.256878940000e+01 9.950000000000e+02
5.569952410000e+01 1.256916480000e+01 1.001000000000e+03
5.569953860000e+01 1.256942760000e+01 1.005000000000e+03
5.569954780000e+01 1.256966400000e+01 1.009000000000e+03
5.569955810000e+01 1.256996530000e+01 1.014000000000e+03
5.569956550000e+01 1.257024700000e+01 1.019000000000e+03
5.569956440000e+01 1.257033990000e+01 1.021000000000e+03
5.569964880000e+01 1.257042820000e+01 1.025000000000e+03
5.569980330000e+01 1.257038760000e+01 1.029000000000e+03
5.569992320000e+01 1.257040090000e+01 1.033000000000e+03
5.569995220000e+01 1.257050900000e+01 1.035000000000e+03
5.569998090000e+01 1.257082480000e+01 1.040000000000e+03
5.570000380000e+01 1.257114740000e+01 1.046000000000e+03
5.570000270000e+01 1.257141850000e+01 1.050000000000e+03
5.570002340000e+01 1.257170560000e+01 1.054000000000e+03
5.570005390000e+01 1.257203070000e+01 1.059000000000e+03
5.570008650000e+01 1.257224730000e+01 1.063000000000e+03
5.570016250000e+01 1.257236970000e+01 1.067000000000e+03
5.570029210000e+01 1.257225540000e+01 1.072000000000e+03
5.570034400000e+01 1.257216580000e+01 1.074000000000e+03
5.570040800000e+01 1.257195840000e+01 1.078000000000e+03
5.570038580000e+01 1.257174560000e+01 1.081000000000e+03
5.570036890000e+01 1.257137830000e+01 1.086000000000e+03
5.570036990000e+01 1.257107800000e+01 1.090000000000e+03
5.570038210000e+01 1.257078390000e+01 1.095000000000e+03
5.570034570000e+01 1.257053800000e+01 1.099000000000e+03
5.570034950000e+01 1.257025480000e+01 1.104000000000e+03
5.570051560000e+01 1.257019640000e+01 1.109000000000e+03
5.570064940000e+01 1.257019250000e+01 1.113000000000e+03
5.570079030000e+01 1.257017710000e+01 1.117000000000e+03
5.570092040000e+01 1.257013560000e+01 1.121000000000e+03
5.570106460000e+01 1.257013470000e+01 1.125000000000e+03
5.570125780000e+01 1.257009310000e+01 1.131000000000e+03
5.570137340000e+01 1.257001970000e+01 1.135000000000e+03
5.570150570000e+01 1.257002180000e+01 1.139000000000e+03
5.570157020000e+01 1.256987220000e+01 1.143000000000e+03
5.570156400000e+01 1.256970790000e+01 1.146000000000e+03
5.570151210000e+01 1.256966700000e+01 1.149000000000e+03
5.570144220000e+01 1.256969320000e+01 1.151000000000e+03
5.570127980000e+01 1.256970540000e+01 1.155000000000e+03
5.570113440000e+01 1.256968780000e+01 1.159000000000e+03
5.570099250000e+01 1.256967630000e+01 1.163000000000e+03
5.570084990000e+01 1.256966710000e+01 1.167000000000e+03
5.570065820000e+01 1.256967370000e+01 1.172000000000e+03
5.570045490000e+01 1.256970510000e+01 1.177000000000e+03
5.570030560000e+01 1.256971550000e+01 1.181000000000e+03
5.570013450000e+01 1.256970250000e+01 1.186000000000e+03
5.570000820000e+01 1.256967400000e+01 1.190000000000e+03
5.569996100000e+01 1.256946490000e+01 1.194000000000e+03
5.569996390000e+01 1.256907370000e+01 1.200000000000e+03
5.569996340000e+01 1.256876230000e+01 1.205000000000e+03
5.569997410000e+01 1.256853250000e+01 1.209000000000e+03
5.569999900000e+01 1.256842420000e+01 1.211000000000e+03
5.570013150000e+01 1.256846580000e+01 1.215000000000e+03
5.570022430000e+01 1.256854480000e+01 1.218000000000e+03
5.570039460000e+01 1.256867710000e+01 1.223000000000e+03
5.570049110000e+01 1.256875380000e+01 1.226000000000e+03
5.570066410000e+01 1.256882250000e+01 1.231000000000e+03
5.570083560000e+01 1.256885150000e+01 1.235000000000e+03
5.570091230000e+01 1.256888110000e+01 1.237000000000e+03
5.570108790000e+01 1.256892100000e+01 1.242000000000e+03
5.570119390000e+01 1.256894760000e+01 1.245000000000e+03
5.570140700000e+01 1.256902000000e+01 1.250000000000e+03
5.570152930000e+01 1.256905410000e+01 1.254000000000e+03
5.570162870000e+01 1.256888920000e+01 1.259000000000e+03
5.570163990000e+01 1.256884670000e+01 1.260000000000e+03
5.570173540000e+01 1.256863880000e+01 1.265000000000e+03
5.570188980000e+01 1.256845950000e+01 1.271000000000e+03
5.570190790000e+01 1.256844550000e+01 1.273000000000e+03
